0.01219856554031372
0.008439955209493637
0.006721181449890137
0.005667624785900116
0.005034667336940766
0.004667853555679322
0.004435650098323822
0.004198377729058266
0.004017819719910621
0.0038785675936937334
0.0038055790370702743
0.003684122147858143
0.003626999600529671
0.0035408425191044805
0.0035119236350059507
0.0034659924131631853
0.003390206510722637
0.0033508481374382973
0.003292687109708786
0.0032266898795962336
0.003212869420051575
0.003190412224829197
0.003129856607615948
0.0031472186341881753
0.0031096981063485143
0.003109694889783859
0.0031534867799282076
0.003043266846239567
0.003030215707719326
0.0030251023772358892
0.0017742473509907723
0.00136280083745718
0.0011921660427749157
0.001071195763796568
0.0009643275412172079
0.0008978967057168484
0.0008111627380549908
0.0007486315978318453
0.0006998901093378663
0.0006536619659885764
0.000605820520222187
0.0005914261922426522
0.0005626957315579057
0.0005413174515217543
0.0005249034254252911
0.0004995618461817502
0.000486271253246814
0.0004822614624351263
0.00046137216539122165
0.00048300931954756377
0.00045602603590115905
0.00046009266089648007
0.00046029964409768584
0.00048073221480473877
0.0004158493396732956
0.0004566506711766124
0.00046951400568708777
0.000445721918810159
0.0004586548052355647
0.00044279089730232953
0.0002499327060300857
0.0001718584675854072
0.00013817906385287643
0.00012013562800828367
0.00011202918630326167
0.00010002951287198811
9.207064468879252e-05
8.537059091031552e-05
7.77889165864326e-05
7.726629469543696e-05
7.657390812411905e-05
7.036763241048902e-05
6.086654755054042e-05
6.0736339816357944e-05
6.316640499979257e-05
5.871621422236785e-05
5.6586255757138134e-05
5.328427310101688e-05
5.177637384738773e-05
4.7361820756923406e-05
5.0654838318005204e-05
4.9684689461719244e-05
4.258828656980768e-05
4.364152922760695e-05
4.157418926479295e-05
4.3821974828606474e-05
4.126926065655425e-05
4.047222710796632e-05
4.035344047471881e-05
3.784204628434964e-05
3.759760825429112e-05
3.7004551991121845e-05
3.575288259191439e-05
3.567684631561861e-05
3.628961331676692e-05
3.297674723318778e-05
3.573042546282522e-05
3.199410980450921e-05
3.2564749863231555e-05
3.222830202663317e-05
3.202575888484717e-05
3.1369546840433033e-05
3.2699241563677786e-05
3.350661898963153e-05
3.1072022683219984e-05
2.9536447104765103e-05
2.60821375856176e-05
3.084207273088396e-05
2.87182435602881e-05
3.017166686942801e-05
2.9699198172893377e-05
2.971390284714289e-05
2.9246655076276512e-05
2.9311325737508013e-05
2.483696243376471e-05
2.4281427399255334e-05
2.4877503116149456e-05
2.6680378429591654e-05
2.3012547619873658e-05
2.3932083173422143e-05
2.2138054254464806e-05
2.4687889330089093e-05
2.4053756343200802e-05
2.4148883474990725e-05
2.3991889426251875e-05
2.245089553645812e-05
2.5868404844077302e-05
2.244578874669969e-05
2.3413702095858754e-05
2.509151381556876e-05
2.3197907821740956e-05
2.074588075163774e-05
2.330417979042977e-05
2.2778812565375118e-05
2.448266022489406e-05
2.3061843015020714e-05
2.4300029589794578e-05
2.1800144154112785e-05
2.253019062336534e-05
2.029538633883931e-05
2.339798367698677e-05
2.0405330032808704e-05
2.0241228403756396e-05
2.304442898603156e-05
2.030903892009519e-05
1.8944984982954337e-05
2.088564159348607e-05
1.893677626620047e-05
2.3142901491373778e-05
2.1676993339788168e-05
