0.013787556059360504
0.010089835987091065
0.008237476480007172
0.007024978147745132
0.006096414874792099
0.0055014856046438215
0.005030561026334763
0.004768908307552337
0.004455539053678513
0.004333709013462066
0.0040916543859243395
0.004011417918801307
0.003907477618455887
0.003797062031626701
0.0037552910655736923
0.0037135627222061158
0.003617465679049492
0.0035224755293130875
0.0035213225990533828
0.0034305700770020484
0.0034476333856582643
0.0034101699140667917
0.0033221602579951285
0.00331763374298811
0.0032672416278719902
0.0032841841349005698
0.0031961948189139365
0.0032161546140909193
0.0032059696450829505
0.003181641658246517
0.0019055338491499425
0.001534635440558195
0.0013362574569880962
0.0012553068255633116
0.001154734414294362
0.0010582138009369373
0.0010148416670411825
0.0009399328353255987
0.0008720274123549461
0.0008119151519984007
0.0007701565160974861
0.0007402123896032572
0.0007331317131593824
0.0006740624144300818
0.0006531676003336906
0.0006700006572529674
0.000624896648004651
0.0006131166164204478
0.000598434441369027
0.0005861010898277163
0.00038885030237957835
0.0003060394248925149
0.0002686480830051005
0.00024266812628135086
0.00022872524716891347
0.00021899711824022235
0.0002126583622954786
0.00019361440082080663
0.00018446053825318812
0.00017716801029630006
0.00016294529547449202
0.00016395776093471796
0.00016315770806744694
0.00016088572439271957
0.00014881597075145693
0.00014268659834749996
0.00014367110938299447
0.0001409525491623208
0.00013093951533548533
0.00012301153003238142
0.00012443834237288684
0.00012058569811284542
0.00011885414347518235
0.00011612028886564076
0.00011248210508842021
0.00010811670121271163
0.00010654610791709274
0.00010391882642637939
0.0001023875998146832
9.885482820682228e-05
9.842151030432434e-05
9.764554669614882e-05
9.403974253684283e-05
8.954634862020612e-05
8.674179487628863e-05
8.900576611980795e-05
8.65995612135157e-05
8.600527135189622e-05
8.734827560605481e-05
7.745456898584961e-05
7.700090225087479e-05
7.468319446314126e-05
7.604307919740677e-05
7.423193939728662e-05
7.276388867525384e-05
7.239613374695182e-05
7.08363683684729e-05
7.111350744497032e-05
6.674485148629174e-05
6.619238740764559e-05
